31.594170176478723
-0.5941655031225866
1.409965953438832
-140.5904043274304
-19.53393494212108
-174.17297325107157
1020.5304864704747
1558.182175595046
-47.59504430259177
-521.336161561306
14.866747260600718
-185.46235949067156
39.28456342944257
228.8240889043133
-344.0260383975092
508.9360055206329
-30.018785429426543
104.3947780235038
28.327925563468067
404.6824326112624
722.0512795014838
864.5694440096828
208.11570947060312
0.5947857078802254
-2.0167297260527137
-50.573016310536026
-249.80104026124977
715.1498681700637
-375.5846463521703
467.8835918422728
-0.26471414995236686
303.481549192531
-72.71696986027457
-11.621917735240103
84.82364645885093
724.4118096345607
89.69833055606904
956.5151129272879
-54.684381741904055
-28.5905094958536
-321.2924536952449
113.59938132896882
-32.12065742717387
300.692747380987
934.6583701281269
569.6922004975947
52.636790892763706
814.8349382162
593.7251180945592
309.16127678532905
-42.393082613205586
631.721618074253
722.4951952911291
13.290231566153553
891.0105904551324
-152.19063926964526
-76.91646533961212
-355.80567045712587
-107.67507382574613
1470.0660343186232
-12.938066543809912
776.1630110343269
-56.20296653204434
289.6254091445051

